[5, 3, 2, 2, [0, 1, 0, 0], 0]
[5, 1, 2, 2, [0, 1, 0, 0], 0]
[1, 31, 5, 5, [0, 1, 0, 0], 0]
[1, 15, 5, 5, [0, 1, 0, 0], 0]
[1, 23, 5, 5, [0, 1, 0, 0], 0]
[1, 7, 5, 5, [0, 1, 0, 0], 0]
[1, 27, 5, 5, [0, 1, 0, 0], 0]
[1, 11, 5, 5, [0, 1, 0, 0], 0]
[1, 19, 5, 5, [0, 1, 0, 0], 0]
[1, 3, 5, 5, [0, 1, 0, 0], 0]
[1, 481, 9, 9, [0, 1, 0, 0], 0]
[1, 225, 9, 9, [0, 1, 0, 0], 0]
[1, 353, 9, 9, [0, 1, 0, 0], 0]
[1, 97, 9, 9, [0, 1, 0, 0], 0]
[1, 417, 9, 9, [0, 1, 0, 0], 0]
[1, 161, 9, 9, [0, 1, 0, 0], 0]
[1, 289, 9, 9, [0, 1, 0, 0], 0]
[1, 33, 9, 9, [0, 1, 0, 0], 0]
[1, 241, 8, 8, [0, 1, 0, 0], 0]
[1, 113, 8, 8, [0, 1, 0, 0], 0]
[1, 177, 8, 8, [0, 1, 0, 0], 0]
[1, 49, 8, 8, [0, 1, 0, 0], 0]
[1, 209, 8, 8, [0, 1, 0, 0], 0]
[1, 81, 8, 8, [0, 1, 0, 0], 0]
[1, 145, 8, 8, [0, 1, 0, 0], 0]
[1, 17, 8, 8, [0, 1, 0, 0], 0]
[1, 121, 7, 7, [0, 1, 0, 0], 0]
[1, 57, 7, 7, [0, 1, 0, 0], 0]
[1, 89, 7, 7, [0, 1, 0, 0], 0]
[1, 25, 7, 7, [0, 1, 0, 0], 0]
[1, 105, 7, 7, [0, 1, 0, 0], 0]
[1, 41, 7, 7, [0, 1, 0, 0], 0]
[1, 73, 7, 7, [0, 1, 0, 0], 0]
[1, 9, 7, 7, [0, 1, 0, 0], 0]
[1, 61, 6, 6, [0, 1, 0, 0], 0]
[1, 29, 6, 6, [0, 1, 0, 0], 0]
[1, 45, 6, 6, [0, 1, 0, 0], 0]
[1, 13, 6, 6, [0, 1, 0, 0], 0]
[1, 53, 6, 6, [0, 1, 0, 0], 0]
[1, 21, 6, 6, [0, 1, 0, 0], 0]
[1, 37, 6, 6, [0, 1, 0, 0], 0]
[1, 5, 6, 6, [0, 1, 0, 0], 0]
[1, 30, 5, 5, [0, 1, 0, 0], 0]
[1, 14, 5, 5, [0, 1, 0, 0], 0]
[1, 22, 5, 5, [0, 1, 0, 0], 0]
[1, 6, 5, 5, [0, 1, 0, 0], 0]
[1, 26, 5, 5, [0, 1, 0, 0], 0]
[1, 10, 5, 5, [0, 1, 0, 0], 0]
[1, 18, 5, 5, [0, 1, 0, 0], 0]
[1, 2, 5, 5, [0, 1, 0, 0], 0]
[1, 480, 9, 9, [0, 1, 0, 0], 0]
[1, 224, 9, 9, [0, 1, 0, 0], 0]
[1, 352, 9, 9, [0, 1, 0, 0], 0]
[1, 96, 9, 9, [0, 1, 0, 0], 0]
[1, 416, 9, 9, [0, 1, 0, 0], 0]
[1, 160, 9, 9, [0, 1, 0, 0], 0]
[1, 288, 9, 9, [0, 1, 0, 0], 0]
[1, 32, 9, 9, [0, 1, 0, 0], 0]
[1, 240, 8, 8, [0, 1, 0, 0], 0]
[1, 112, 8, 8, [0, 1, 0, 0], 0]
[1, 176, 8, 8, [0, 1, 0, 0], 0]
[1, 48, 8, 8, [0, 1, 0, 0], 0]
[1, 208, 8, 8, [0, 1, 0, 0], 0]
[1, 80, 8, 8, [0, 1, 0, 0], 0]
[1, 144, 8, 8, [0, 1, 0, 0], 0]
[1, 16, 8, 8, [0, 1, 0, 0], 0]
[1, 120, 7, 7, [0, 1, 0, 0], 0]
[1, 56, 7, 7, [0, 1, 0, 0], 0]
[1, 88, 7, 7, [0, 1, 0, 0], 0]
[1, 24, 7, 7, [0, 1, 0, 0], 0]
[1, 104, 7, 7, [0, 1, 0, 0], 0]
[1, 40, 7, 7, [0, 1, 0, 0], 0]
[1, 72, 7, 7, [0, 1, 0, 0], 0]
[1, 8, 7, 7, [0, 1, 0, 0], 0]
[1, 60, 6, 6, [0, 1, 0, 0], 0]
[1, 28, 6, 6, [0, 1, 0, 0], 0]
[1, 44, 6, 6, [0, 1, 0, 0], 0]
[1, 12, 6, 6, [0, 1, 0, 0], 0]
[1, 52, 6, 6, [0, 1, 0, 0], 0]
[1, 20, 6, 6, [0, 1, 0, 0], 0]
[1, 36, 6, 6, [0, 1, 0, 0], 0]
[1, 4, 6, 6, [0, 1, 0, 0], 0]
