[3, 28, 5, 4, [0, 1, 0, 0], 0]
[3, 12, 5, 4, [0, 1, 0, 0], 0]
[3, 20, 5, 4, [0, 1, 0, 0], 0]
[3, 4, 5, 4, [0, 1, 0, 0], 0]
[3, 224, 8, 7, [0, 1, 0, 0], 0]
[3, 96, 8, 7, [0, 1, 0, 0], 0]
[3, 160, 8, 7, [0, 1, 0, 0], 0]
[3, 32, 8, 7, [0, 1, 0, 0], 0]
[3, 112, 7, 6, [0, 1, 0, 0], 0]
[3, 48, 7, 6, [0, 1, 0, 0], 0]
[3, 80, 7, 6, [0, 1, 0, 0], 0]
[3, 16, 7, 6, [0, 1, 0, 0], 0]
[3, 56, 6, 5, [0, 1, 0, 0], 0]
[3, 24, 6, 5, [0, 1, 0, 0], 0]
[3, 40, 6, 5, [0, 1, 0, 0], 0]
[3, 8, 6, 5, [0, 1, 0, 0], 0]
[2, 23, 5, 4, [0, 1, 0, 0], 0]
[2, 7, 5, 4, [0, 1, 0, 0], 0]
[2, 11, 4, 3, [0, 1, 0, 0], 0]
[2, 3, 4, 3, [0, 1, 0, 0], 0]
[2, 5, 3, 2, [0, 1, 0, 0], 0]
[2, 1, 3, 2, [0, 1, 0, 0], 0]
