[0, 5, 3, 2, 1, [240502, 141094, 221110], 0, 3, 0]
[0, 5, 1, 2, 1, [225630, 201582, 256054], 0, 3, 0]
[0, 1, 31, 5, 1, [3768, 91752, 56024], 0, 9, 0]
[0, 1, 15, 5, 1, [140344, 58984, 160088], 0, 9, 0]
[0, 1, 23, 5, 1, [59768, 150632, 216600], 0, 9, 0]
[0, 1, 7, 5, 1, [179960, 160872, 197784], 0, 9, 0]
[0, 1, 27, 5, 1, [131096, 251624, 2680], 0, 9, 0]
[0, 1, 11, 5, 1, [79256, 219880, 164088], 0, 9, 0]
[0, 1, 19, 5, 1, [240344, 93928, 48568], 0, 9, 0]
[0, 1, 3, 5, 1, [106584, 187112, 136248], 0, 9, 0]
[0, 1, 481, 9, 1, [179960, 166520, 197368], 0, 9, 0]
[0, 1, 225, 9, 1, [91896, 223864, 154360], 0, 9, 0]
[0, 1, 353, 9, 1, [4856, 64120, 175864], 0, 9, 0]
[0, 1, 97, 9, 1, [178936, 121464, 132856], 0, 9, 0]
[0, 1, 417, 9, 1, [223480, 148088, 186616], 0, 9, 0]
[0, 1, 161, 9, 1, [135416, 205432, 143608], 0, 9, 0]
[0, 1, 289, 9, 1, [48376, 176760, 165112], 0, 9, 0]
[0, 1, 33, 9, 1, [222456, 234104, 122104], 0, 9, 0]
[0, 1, 241, 8, 1, [130168, 136312, 58744], 0, 9, 0]
[0, 1, 113, 8, 1, [217208, 66680, 37240], 0, 9, 0]
[0, 1, 177, 8, 1, [42616, 3192, 47992], 0, 9, 0]
[0, 1, 49, 8, 1, [129656, 64632, 26488], 0, 9, 0]
[0, 1, 209, 8, 1, [20856, 143480, 53368], 0, 9, 0]
[0, 1, 81, 8, 1, [107896, 8312, 31864], 0, 9, 0]
[0, 1, 145, 8, 1, [195448, 239736, 42616], 0, 9, 0]
[0, 1, 17, 8, 1, [20344, 235640, 21112], 0, 9, 0]
[0, 1, 121, 7, 1, [224056, 17272, 202424], 0, 9, 0]
[0, 1, 57, 7, 1, [202040, 23416, 126136], 0, 9, 0]
[0, 1, 89, 7, 1, [16440, 225144, 33208], 0, 9, 0]
[0, 1, 25, 7, 1, [256568, 198520, 219064], 0, 9, 0]
[0, 1, 105, 7, 1, [5560, 41336, 117816], 0, 9, 0]
[0, 1, 41, 7, 1, [114616, 162168, 41528], 0, 9, 0]
[0, 1, 73, 7, 1, [256696, 175480, 79672], 0, 9, 0]
[0, 1, 9, 7, 1, [103608, 1400, 3384], 0, 9, 0]
[0, 1, 61, 6, 1, [247448, 254328, 136024], 0, 9, 0]
[0, 1, 29, 6, 1, [88984, 46456, 73304], 0, 9, 0]
[0, 1, 45, 6, 1, [250136, 119672, 55512], 0, 9, 0]
[0, 1, 13, 6, 1, [26136, 165752, 58328], 0, 9, 0]
[0, 1, 53, 6, 1, [170968, 138360, 26136], 0, 9, 0]
[0, 1, 21, 6, 1, [241880, 90232, 225560], 0, 9, 0]
[0, 1, 37, 6, 1, [26200, 116344, 175000], 0, 9, 0]
[0, 1, 5, 6, 1, [31576, 191096, 46744], 0, 9, 0]
[0, 1, 30, 5, 1, [232272, 254240, 47504], 0, 12, 0]
[0, 1, 14, 5, 1, [255440, 229152, 49168], 0, 12, 0]
[0, 1, 22, 5, 1, [198800, 200224, 57552], 0, 12, 0]
[0, 1, 6, 5, 1, [205584, 128032, 104272], 0, 12, 0]
[0, 1, 26, 5, 1, [242192, 66784, 185808], 0, 12, 0]
[0, 1, 10, 5, 1, [178064, 193248, 182096], 0, 12, 0]
[0, 1, 18, 5, 1, [9424, 183776, 64144], 0, 12, 0]
[0, 1, 2, 5, 1, [158288, 46048, 195600], 0, 12, 0]
[0, 1, 480, 9, 1, [206080, 237568, 19712], 0, 24, 0]
[0, 1, 224, 9, 1, [183552, 106496, 210176], 0, 24, 0]
[0, 1, 352, 9, 1, [63744, 172032, 114944], 0, 24, 0]
[0, 1, 96, 9, 1, [41216, 40960, 43264], 0, 24, 0]
[0, 1, 416, 9, 1, [127232, 90112, 260352], 0, 24, 0]
[0, 1, 160, 9, 1, [149760, 221184, 69888], 0, 24, 0]
[0, 1, 288, 9, 1, [7424, 24576, 165120], 0, 24, 0]
[0, 1, 32, 9, 1, [29952, 155648, 236800], 0, 24, 0]
[0, 1, 240, 8, 1, [241024, 251904, 207232], 0, 21, 0]
[0, 1, 112, 8, 1, [121216, 219136, 177536], 0, 21, 0]
[0, 1, 176, 8, 1, [181120, 137216, 126848], 0, 21, 0]
[0, 1, 48, 8, 1, [61312, 235520, 97152], 0, 21, 0]
[0, 1, 208, 8, 1, [247680, 157696, 144256], 0, 21, 0]
[0, 1, 80, 8, 1, [105344, 256000, 42880], 0, 21, 0]
[0, 1, 144, 8, 1, [45440, 174080, 28032], 0, 21, 0]
[0, 1, 16, 8, 1, [165248, 141312, 188800], 0, 21, 0]
[0, 1, 120, 7, 1, [55616, 35328, 79680], 0, 18, 0]
[0, 1, 56, 7, 1, [49984, 43520, 143680], 0, 18, 0]
[0, 1, 88, 7, 1, [249408, 129536, 160832], 0, 18, 0]
[0, 1, 24, 7, 1, [243776, 39424, 28224], 0, 18, 0]
[0, 1, 104, 7, 1, [60480, 58880, 129600], 0, 18, 0]
[0, 1, 40, 7, 1, [197184, 230912, 163904], 0, 18, 0]
[0, 1, 72, 7, 1, [63296, 54784, 228672], 0, 18, 0]
[0, 1, 8, 7, 1, [200000, 62976, 197440], 0, 18, 0]
[0, 1, 60, 6, 1, [161632, 160128, 105824], 0, 15, 0]
[0, 1, 28, 6, 1, [16992, 18816, 168032], 0, 15, 0]
[0, 1, 44, 6, 1, [105696, 181632, 42720], 0, 15, 0]
[0, 1, 12, 6, 1, [157664, 64896, 88544], 0, 15, 0]
[0, 1, 52, 6, 1, [91616, 27264, 252384], 0, 15, 0]
[0, 1, 20, 6, 1, [137952, 189056, 165600], 0, 15, 0]
[0, 1, 36, 6, 1, [98400, 48768, 139360], 0, 15, 0]
[0, 1, 4, 6, 1, [210272, 54912, 200032], 0, 15, 0]
[0, 1, 1, 6, 1, [214536, 61832, 145416], 0, 9, 1]
[0, 1, 0, 6, 0, [38265, 142521, 82213], 0, 0, 1]
[1, 3, 28, 5, 1, [122213, 202069, 174962], 0, 0, 0]
[1, 3, 12, 5, 1, [54069, 169893, 184914], 0, 0, 0]
[1, 3, 20, 5, 1, [13805, 120861, 235042], 0, 0, 0]
[1, 3, 4, 5, 1, [222013, 102893, 25602], 0, 0, 0]
[1, 3, 224, 8, 1, [162601, 201209, 160938], 0, 0, 0]
[1, 3, 96, 8, 1, [168873, 28281, 233386], 0, 0, 0]
[1, 3, 160, 8, 1, [85865, 34873, 70186], 0, 0, 0]
[1, 3, 32, 8, 1, [149481, 181433, 126250], 0, 0, 0]
[1, 3, 112, 7, 1, [16409, 12905, 25418], 0, 0, 0]
[1, 3, 48, 7, 1, [112729, 85161, 67786], 0, 0, 0]
[1, 3, 80, 7, 1, [118329, 37257, 195082], 0, 0, 0]
[1, 3, 16, 7, 1, [228985, 123849, 233354], 0, 0, 0]
[1, 3, 56, 6, 1, [152113, 84545, 20442], 0, 0, 0]
[1, 3, 24, 6, 1, [232785, 30305, 73882], 0, 0, 0]
[1, 3, 40, 6, 1, [133185, 170193, 98618], 0, 0, 0]
[1, 3, 8, 6, 1, [184673, 217841, 151034], 0, 0, 0]
[1, 2, 23, 5, 1, [95981, 34261, 240368], 0, 0, 0]
[1, 2, 7, 5, 1, [135341, 18837, 76016], 0, 0, 0]
[1, 2, 11, 4, 1, [162621, 42149, 201584], 0, 0, 0]
[1, 2, 3, 4, 1, [20253, 187781, 221808], 0, 0, 0]
[1, 2, 5, 3, 1, [141493, 150045, 228528], 0, 0, 0]
[1, 2, 1, 3, 1, [88069, 155885, 227376], 0, 0, 0]
[1, 3, 0, 6, 1, [248841, 104921, 135146], 0, 0, 1]
[1, 2, 15, 4, 1, [30157, 28085, 131568], 0, 0, 1]
