# #J(F_p) by baby steps / giant steps on c3 (code/rust/src/bin/jorder.rs)
# p N1 c1 c2 c3 #J(F_p)
503 504 0 503 0 127517040
509 510 0 509 0 132131820
521 522 0 521 0 141692724
523 524 0 1569 0 143877824
541 567 25 -383 -20747 165429139
547 548 0 0 -12980 163654344
557 558 0 0 -20470 172788224
563 564 0 563 0 178771080
569 548 -22 -85 14388 177063184
571 568 -4 -555 4504 184552288
577 578 0 577 0 192433540
587 588 0 587 0 202607160
593 594 0 593 0 208880100
599 665 65 2853 82839 240038569
601 602 0 601 0 217443604
607 608 0 0 0 223648544
613 652 38 831 8284 245144176
617 549 -69 2969 -89165 210363181
619 620 0 619 0 237560440
631 703 71 2773 81089 281342719
641 637 -5 -423 17403 261066149
643 644 0 0 0 265847708
647 648 0 647 0 271259280
653 704 50 -541 -59700 299352064
659 717 57 2549 68363 312695957
661 662 0 661 0 289242364
673 745 71 3249 101543 339270617
677 678 0 677 0 310747740
683 736 52 2021 69576 344321408
691 692 0 691 0 330417544
701 702 0 0 4198 344476300
709 777 67 1689 30703 391310417
719 720 0 719 0 372212640
727 728 0 727 0 384769840
733 734 0 733 0 394370860
739 740 0 0 25324 403608744
743 675 -69 3389 -106147 374496227
751 752 0 0 2448 423567200
757 812 54 2159 75708 466455024
761 762 0 761 0 441290964
769 770 0 769 0 455348740
773 774 0 773 0 462488220
787 788 0 0 0 487443404
797 798 0 797 0 506897580
809 735 -75 3833 -128771 483364939
811 812 0 0 0 533411732
821 800 -22 -337 25476 538307200
823 824 0 0 46240 557488008
827 828 0 0 23980 565633264
829 830 0 0 0 569722790
839 840 0 839 0 591294480
853 854 0 853 0 621378940
857 858 0 0 0 629422794
859 860 0 0 0 633839780
863 864 0 0 20200 642755848
877 828 -50 1623 -37300 637457328
881 882 0 2643 0 686128968
883 884 0 0 -30060 688435328
887 888 0 887 0 698651760
907 848 -60 2693 -107160 699121728
911 997 85 3837 131643 830232389
919 920 0 0 -21744 776129816
929 930 0 2787 0 804357000
937 938 0 937 0 823535860
941 942 0 941 0 834124044
947 968 20 -547 -29880 866665888
953 954 0 0 -29290 865493888
967 968 0 0 -52040 904179024
971 972 0 2913 0 918330048
977 945 -33 -703 50191 900438001
983 984 0 2949 0 952763904
991 1016 24 -415 -33744 996366816
997 998 0 997 0 992021980
1009 927 -83 2857 -75683 945552811
1013 1014 0 1013 0 1040536380
1019 945 -75 4253 -147769 984403001
1021 1022 0 3063 0 1067462648
1031 968 -64 3065 -130176 1030916128
1033 1113 79 2209 41287 1188928441
1039 1040 0 3117 0 1124864000
1049 1050 0 1049 0 1155422100
1051 1011 -41 -587 56701 1115086147
1061 1100 38 383 -25764 1237548400
1063 1064 0 0 0 1201157048
1069 1070 0 0 0 1221611510
1087 1024 -64 3009 -123008 1211895808
1091 1092 0 0 0 1298596572
1093 1165 71 4033 136067 1395119677
1097 1098 0 0 0 1320139674
1103 1104 0 0 73120 1341992848
1109 1110 0 1109 0 1365169020
1117 1099 -19 249 -28615 1370212271
1123 1124 0 1123 0 1417510120
1129 1152 22 2903 39028 1470431232
1151 1152 0 0 0 1524845952
1153 1154 0 0 0 1532808578
1163 1164 0 0 77180 1573114928
1171 1172 0 0 79812 1605803024
1181 1182 0 3543 0 1651400568
1187 1281 93 3917 129319 1808263129
1193 1194 0 0 0 1697936058
1201 1202 0 0 49698 1732373300
1213 1225 11 -887 -49153 1799829697
1217 1218 0 1217 0 1803967620
1223 1224 0 1223 0 1830773520
1229 1230 0 0 72266 1856404256
1231 1232 0 1231 0 1866925984
1237 1238 0 1237 0 1894350460
1249 1250 0 0 0 1948441250
1259 1260 0 1259 0 1997203320
1277 1278 0 0 0 2082440934
1279 1280 0 1279 0 2093877760
1283 1284 0 0 -68980 2111863208
1289 1375 85 5433 213501 2290152011
1291 1292 0 0 0 2151685172
1297 1298 0 0 -92990 2181732084
1301 1302 0 0 0 2202073902
1303 1347 43 1821 58045 2287683587
1307 1308 0 3921 0 2237810112
1319 1320 0 1319 0 2296485840
1321 1322 0 1321 0 2306945524
1327 1328 0 0 -81720 2336671064
1361 1362 0 0 0 2521008882
1367 1368 0 0 320 2554498184
1373 1473 99 4313 146903 2780982953
1381 1376 -6 4107 -16356 2628005888
1399 1400 0 0 0 2738124200
1409 1472 62 2435 63612 2923845376
# p = 1423 ambiguous, 2 candidates: 2786986176 2787049472
1427 1428 0 4281 0 2911954752
1429 1484 54 1487 3132 3030476400
1433 1434 0 1433 0 2944704660
1439 1440 0 0 105376 2979872896
1447 1448 0 1447 0 3031836880
1451 1452 0 0 108148 3055045000
1453 1436 -18 -1129 46476 3027989808
1459 1460 0 1459 0 3107875720
1471 1543 71 4341 154841 3343187687
1481 1482 0 0 -76442 3248291200
1483 1484 0 4449 0 3268147904
1487 1488 0 1487 0 3290220960
1489 1490 0 0 0 3301293170
1493 1494 0 0 87890 3328058048
1499 1515 15 -1147 -70811 3400168219
1511 1512 0 1511 0 3452080464
1523 1575 51 -787 -98503 3649640807
1531 1532 0 0 0 3588604292
1543 1544 0 0 0 3673650008
1549 1472 -78 4535 -232908 3536315136
1553 1554 0 1553 0 3747952740
1559 1560 0 1559 0 3791551920
1567 1568 0 4701 0 3855122432
1571 1572 0 0 0 3877292412
1579 1584 4 4721 12568 3954272256
1583 1624 40 17 -62640 4067022176
1597 1515 -83 1401 32089 3863590031
1601 1602 0 1601 0 4106249604
1607 1688 80 4793 254880 4364553568
1609 1610 0 4827 0 4173281000
1613 1614 0 1613 0 4199256780
1619 1696 76 4157 192888 4449795200
1621 1617 -5 -983 66487 4244739913
1627 1628 0 1627 0 4309527640
1637 1638 0 1637 0 4389463260
1657 1658 0 1657 0 4552287700
1663 1603 -61 3469 -121603 4436092291
1667 1624 -44 269 61512 4510647008
1669 1670 0 5007 0 4657463000
1693 1694 0 1693 0 4855427500
1697 1698 0 1697 0 4889917380
1699 1700 0 0 0 4904335100
1709 1792 82 5015 271092 5239786496
1721 1722 0 1721 0 5100291924
1723 1792 68 2901 80104 5322075136
1733 1734 0 0 -142690 5204557148
1741 1742 0 5223 0 5286210488
1747 1748 0 0 98460 5331958184
1753 1754 0 0 0 5386984778
1759 1808 48 545 -58272 5591905344
1777 1778 0 1777 0 5614443940
1783 1784 0 1783 0 5671496560
1787 1701 -87 6197 -259741 5439547709
1789 1856 66 2567 51348 5941612800
1801 1911 109 4713 153301 6203924147
1811 1812 0 1811 0 5942856264
1823 1824 0 0 0 6058428768
1831 1832 0 0 143008 6138682200
1847 1848 0 1847 0 6304285680
1861 1862 0 1861 0 6448705564
1867 1868 0 0 0 6507781364
1871 1872 0 0 97088 6549796400
1873 1771 -103 3441 -63895 6215772767
1877 1792 -86 5519 -313212 6319975424
1879 1880 0 1879 0 6637606960
1889 1890 0 1889 0 6744128580
1901 1827 -75 137 109873 6599170999
1907 1908 0 5721 0 6946005312
1913 1914 0 0 115610 7000871108
1931 1932 0 0 0 7200237492
1933 2016 82 4791 234356 7538525568
1949 1950 0 1949 0 7407273900
1951 1952 0 5853 0 7437713408
1973 1974 0 1973 0 7684249020
1979 1980 0 1979 0 7754555160
1987 1988 0 1987 0 7848961960
1993 1994 0 5979 0 7928215784
1997 1948 -50 503 74700 7765733168
1999 2000 0 0 -153736 7987852264
