# [disc, X0, level, nu0, class (basis of pr of lattice.sobj), class in pr(W), class == e1, margin j - (nu0 + 1), branch (1: r from Q1, 3: s from Q3), v(Q1/delta), lambda precision pi^m, near x_i, tiny series check v(diff)]
[5, 3, 2, 2, [1, 1, 0, 0], False, True, 190, 1, 6, 587, None, None]
[5, 1, 2, 2, [1, 1, 0, 0], False, True, 190, 1, 6, 587, None, None]
[1, 31, 5, 5, [1, 1, 0, 0], False, True, 187, 1, 18, 587, 2, (129, '+', 138)]
[1, 15, 5, 5, [1, 1, 0, 0], False, True, 187, 1, 18, 587, 2, (129, '+', 138)]
[1, 23, 5, 5, [1, 1, 0, 0], False, True, 187, 1, 18, 587, 2, (129, '+', 138)]
[1, 7, 5, 5, [1, 1, 0, 0], False, True, 187, 1, 18, 587, 2, (129, '+', 138)]
[1, 27, 5, 5, [1, 1, 0, 0], False, True, 187, 1, 18, 587, 2, (129, '+', 138)]
[1, 11, 5, 5, [1, 1, 0, 0], False, True, 187, 1, 18, 587, 2, (129, '+', 138)]
[1, 19, 5, 5, [1, 1, 0, 0], False, True, 187, 1, 18, 587, 2, (129, '+', 138)]
[1, 3, 5, 5, [1, 1, 0, 0], False, True, 187, 1, 18, 587, 2, (129, '+', 138)]
[1, 481, 9, 9, [1, 1, 0, 0], False, True, 183, 1, 18, 587, 2, (408, '-', 414)]
[1, 225, 9, 9, [1, 1, 0, 0], False, True, 183, 1, 18, 587, 2, (408, '-', 414)]
[1, 353, 9, 9, [1, 1, 0, 0], False, True, 183, 1, 18, 587, 2, (408, '-', 414)]
[1, 97, 9, 9, [1, 1, 0, 0], False, True, 183, 1, 18, 587, 2, (408, '-', 414)]
[1, 417, 9, 9, [1, 1, 0, 0], False, True, 183, 1, 18, 587, 2, (408, '-', 414)]
[1, 161, 9, 9, [1, 1, 0, 0], False, True, 183, 1, 18, 587, 2, (408, '-', 414)]
[1, 289, 9, 9, [1, 1, 0, 0], False, True, 183, 1, 18, 587, 2, (408, '-', 414)]
[1, 33, 9, 9, [1, 1, 0, 0], False, True, 183, 1, 18, 587, 2, (408, '-', 414)]
[1, 241, 8, 8, [1, 1, 0, 0], False, True, 184, 1, 18, 587, 2, (339, '-', 345)]
[1, 113, 8, 8, [1, 1, 0, 0], False, True, 184, 1, 18, 587, 2, (339, '-', 345)]
[1, 177, 8, 8, [1, 1, 0, 0], False, True, 184, 1, 18, 587, 2, (339, '-', 345)]
[1, 49, 8, 8, [1, 1, 0, 0], False, True, 184, 1, 18, 587, 2, (339, '-', 345)]
[1, 209, 8, 8, [1, 1, 0, 0], False, True, 184, 1, 18, 587, 2, (339, '-', 345)]
[1, 81, 8, 8, [1, 1, 0, 0], False, True, 184, 1, 18, 587, 2, (339, '-', 345)]
[1, 145, 8, 8, [1, 1, 0, 0], False, True, 184, 1, 18, 587, 2, (339, '-', 345)]
[1, 17, 8, 8, [1, 1, 0, 0], False, True, 184, 1, 18, 587, 2, (339, '-', 345)]
[1, 121, 7, 7, [1, 1, 0, 0], False, True, 185, 1, 18, 587, 2, (270, '-', 276)]
[1, 57, 7, 7, [1, 1, 0, 0], False, True, 185, 1, 18, 587, 2, (270, '-', 276)]
[1, 89, 7, 7, [1, 1, 0, 0], False, True, 185, 1, 18, 587, 2, (270, '-', 276)]
[1, 25, 7, 7, [1, 1, 0, 0], False, True, 185, 1, 18, 587, 2, (270, '-', 276)]
[1, 105, 7, 7, [1, 1, 0, 0], False, True, 185, 1, 18, 587, 2, (270, '-', 276)]
[1, 41, 7, 7, [1, 1, 0, 0], False, True, 185, 1, 18, 587, 2, (270, '-', 276)]
[1, 73, 7, 7, [1, 1, 0, 0], False, True, 185, 1, 18, 587, 2, (270, '-', 276)]
[1, 9, 7, 7, [1, 1, 0, 0], False, True, 185, 1, 18, 587, 2, (270, '-', 276)]
[1, 61, 6, 6, [1, 1, 0, 0], False, True, 186, 1, 18, 587, 2, (204, '-', 207)]
[1, 29, 6, 6, [1, 1, 0, 0], False, True, 186, 1, 18, 587, 2, (204, '-', 207)]
[1, 45, 6, 6, [1, 1, 0, 0], False, True, 186, 1, 18, 587, 2, (204, '-', 207)]
[1, 13, 6, 6, [1, 1, 0, 0], False, True, 186, 1, 18, 587, 2, (204, '-', 207)]
[1, 53, 6, 6, [1, 1, 0, 0], False, True, 186, 1, 18, 587, 2, (204, '-', 207)]
[1, 21, 6, 6, [1, 1, 0, 0], False, True, 186, 1, 18, 587, 2, (204, '-', 207)]
[1, 37, 6, 6, [1, 1, 0, 0], False, True, 186, 1, 18, 587, 2, (204, '-', 207)]
[1, 5, 6, 6, [1, 1, 0, 0], False, True, 186, 1, 18, 587, 2, (204, '-', 207)]
[1, 30, 5, 5, [1, 1, 0, 0], False, True, 187, 1, 24, 587, 2, (57, '-', 69)]
[1, 14, 5, 5, [1, 1, 0, 0], False, True, 187, 1, 24, 587, 2, (57, '-', 69)]
[1, 22, 5, 5, [1, 1, 0, 0], False, True, 187, 1, 24, 587, 2, (57, '-', 69)]
[1, 6, 5, 5, [1, 1, 0, 0], False, True, 187, 1, 24, 587, 2, (57, '-', 69)]
[1, 26, 5, 5, [1, 1, 0, 0], False, True, 187, 1, 24, 587, 2, (57, '+', 69)]
[1, 10, 5, 5, [1, 1, 0, 0], False, True, 187, 1, 24, 587, 2, (57, '+', 69)]
[1, 18, 5, 5, [1, 1, 0, 0], False, True, 187, 1, 24, 587, 2, (57, '+', 69)]
[1, 2, 5, 5, [1, 1, 0, 0], False, True, 187, 1, 24, 587, 2, (57, '+', 69)]
[1, 480, 9, 9, [1, 1, 0, 0], False, True, 183, 1, 48, 587, 2, (57, '-', 69)]
[1, 224, 9, 9, [1, 1, 0, 0], False, True, 183, 1, 48, 587, 2, (57, '-', 69)]
[1, 352, 9, 9, [1, 1, 0, 0], False, True, 183, 1, 48, 587, 2, (57, '-', 69)]
[1, 96, 9, 9, [1, 1, 0, 0], False, True, 183, 1, 48, 587, 2, (57, '-', 69)]
[1, 416, 9, 9, [1, 1, 0, 0], False, True, 183, 1, 48, 587, 2, (57, '+', 69)]
[1, 160, 9, 9, [1, 1, 0, 0], False, True, 183, 1, 48, 587, 2, (57, '+', 69)]
[1, 288, 9, 9, [1, 1, 0, 0], False, True, 183, 1, 48, 587, 2, (57, '+', 69)]
[1, 32, 9, 9, [1, 1, 0, 0], False, True, 183, 1, 48, 587, 2, (57, '+', 69)]
[1, 240, 8, 8, [1, 1, 0, 0], False, True, 184, 1, 42, 587, 2, (57, '+', 69)]
[1, 112, 8, 8, [1, 1, 0, 0], False, True, 184, 1, 42, 587, 2, (57, '+', 69)]
[1, 176, 8, 8, [1, 1, 0, 0], False, True, 184, 1, 42, 587, 2, (57, '+', 69)]
[1, 48, 8, 8, [1, 1, 0, 0], False, True, 184, 1, 42, 587, 2, (57, '+', 69)]
[1, 208, 8, 8, [1, 1, 0, 0], False, True, 184, 1, 42, 587, 2, (57, '-', 69)]
[1, 80, 8, 8, [1, 1, 0, 0], False, True, 184, 1, 42, 587, 2, (57, '-', 69)]
[1, 144, 8, 8, [1, 1, 0, 0], False, True, 184, 1, 42, 587, 2, (57, '-', 69)]
[1, 16, 8, 8, [1, 1, 0, 0], False, True, 184, 1, 42, 587, 2, (57, '-', 69)]
[1, 120, 7, 7, [1, 1, 0, 0], False, True, 185, 1, 36, 587, 2, (57, '-', 69)]
[1, 56, 7, 7, [1, 1, 0, 0], False, True, 185, 1, 36, 587, 2, (57, '-', 69)]
[1, 88, 7, 7, [1, 1, 0, 0], False, True, 185, 1, 36, 587, 2, (57, '-', 69)]
[1, 24, 7, 7, [1, 1, 0, 0], False, True, 185, 1, 36, 587, 2, (57, '-', 69)]
[1, 104, 7, 7, [1, 1, 0, 0], False, True, 185, 1, 36, 587, 2, (57, '+', 69)]
[1, 40, 7, 7, [1, 1, 0, 0], False, True, 185, 1, 36, 587, 2, (57, '+', 69)]
[1, 72, 7, 7, [1, 1, 0, 0], False, True, 185, 1, 36, 587, 2, (57, '+', 69)]
[1, 8, 7, 7, [1, 1, 0, 0], False, True, 185, 1, 36, 587, 2, (57, '+', 69)]
[1, 60, 6, 6, [1, 1, 0, 0], False, True, 186, 1, 30, 587, 2, (57, '+', 69)]
[1, 28, 6, 6, [1, 1, 0, 0], False, True, 186, 1, 30, 587, 2, (57, '+', 69)]
[1, 44, 6, 6, [1, 1, 0, 0], False, True, 186, 1, 30, 587, 2, (57, '+', 69)]
[1, 12, 6, 6, [1, 1, 0, 0], False, True, 186, 1, 30, 587, 2, (57, '+', 69)]
[1, 52, 6, 6, [1, 1, 0, 0], False, True, 186, 1, 30, 587, 2, (57, '-', 69)]
[1, 20, 6, 6, [1, 1, 0, 0], False, True, 186, 1, 30, 587, 2, (57, '-', 69)]
[1, 36, 6, 6, [1, 1, 0, 0], False, True, 186, 1, 30, 587, 2, (57, '-', 69)]
[1, 4, 6, 6, [1, 1, 0, 0], False, True, 186, 1, 30, 587, 2, (57, '-', 69)]
