# [disc, X0, level, nu0, class (basis of pr of lattice.sobj), class in pr(W), class == e1, margin j - (nu0 + 1), branch (1: r from Q1, 3: s from Q3), v(Q1/delta), lambda precision pi^m, near x_i, tiny series check v(diff)]
[3, 28, 5, 4, [1, 1, 0, 0], False, True, 488, 1, 0, 1491, 1, (84, '+', 207)]
[3, 12, 5, 4, [1, 1, 0, 0], False, True, 488, 1, 0, 1491, 1, (84, '+', 207)]
[3, 20, 5, 4, [1, 1, 0, 0], False, True, 488, 1, 0, 1491, 1, (84, '+', 207)]
[3, 4, 5, 4, [1, 1, 0, 0], False, True, 488, 1, 0, 1491, 1, (84, '+', 207)]
[3, 224, 8, 7, [1, 1, 0, 0], False, True, 485, 1, 0, 1491, 1, (294, '+', 414)]
[3, 96, 8, 7, [1, 1, 0, 0], False, True, 485, 1, 0, 1491, 1, (294, '+', 414)]
[3, 160, 8, 7, [1, 1, 0, 0], False, True, 485, 1, 0, 1491, 1, (294, '+', 414)]
[3, 32, 8, 7, [1, 1, 0, 0], False, True, 485, 1, 0, 1491, 1, (294, '+', 414)]
[3, 112, 7, 6, [1, 1, 0, 0], False, True, 486, 1, 0, 1491, 1, (225, '+', 345)]
[3, 48, 7, 6, [1, 1, 0, 0], False, True, 486, 1, 0, 1491, 1, (225, '+', 345)]
[3, 80, 7, 6, [1, 1, 0, 0], False, True, 486, 1, 0, 1491, 1, (225, '+', 345)]
[3, 16, 7, 6, [1, 1, 0, 0], False, True, 486, 1, 0, 1491, 1, (225, '+', 345)]
[3, 56, 6, 5, [1, 1, 0, 0], False, True, 487, 1, 0, 1491, 1, (162, '+', 276)]
[3, 24, 6, 5, [1, 1, 0, 0], False, True, 487, 1, 0, 1491, 1, (162, '+', 276)]
[3, 40, 6, 5, [1, 1, 0, 0], False, True, 487, 1, 0, 1491, 1, (159, '+', 276)]
[3, 8, 6, 5, [1, 1, 0, 0], False, True, 487, 1, 0, 1491, 1, (159, '+', 276)]
[2, 23, 5, 4, [1, 1, 0, 0], False, True, 488, 1, 0, 1491, 3, (225, '+', 276)]
[2, 7, 5, 4, [1, 1, 0, 0], False, True, 488, 1, 0, 1491, 3, (225, '+', 276)]
[2, 11, 4, 3, [1, 1, 0, 0], False, True, 489, 1, 0, 1491, 3, (153, '+', 207)]
[2, 3, 4, 3, [1, 1, 0, 0], False, True, 489, 1, 0, 1491, 3, (153, '+', 207)]
[2, 5, 3, 2, [1, 1, 0, 0], False, True, 490, 1, 0, 1491, 3, (81, '+', 138)]
[2, 1, 3, 2, [1, 1, 0, 0], False, True, 490, 1, 0, 1491, 3, (81, '+', 138)]
